-1.9473714274649282e+01 9.9982409577556519e-01 5.4854293085572047e-04
-1.8276921773261293e+01 9.9976655077905063e-01 6.4737050409306219e-04
-1.7210112883346092e+01 9.9967502910514927e-01 7.7744564684788394e-04
-1.6252754006499185e+01 9.9952422438524613e-01 9.5948707532155755e-04
-1.5388417685876263e+01 9.9927427302639138e-01 1.2260041680236505e-03
-1.4603804946494083e+01 9.9886576721106368e-01 1.6253254160196924e-03
-1.3888034269574872e+01 9.9821440452599475e-01 2.2259367644465343e-03
-1.3232116051433158e+01 9.9720563216247116e-01 3.1208550680269674e-03
-1.2628558447236520e+01 9.9568970364291032e-01 4.4317205765890518e-03
-1.2071067811865476e+01 9.9347761531886469e-01 6.3122627420252172e-03
-1.1554318269412054e+01 9.9033843604437610e-01 8.9507690195354886e-03
-1.1073772489066805e+01 9.8599858836834620e-01 1.2571163307662893e-02
-1.0625540865786014e+01 9.8014367614023590e-01 1.7432281628619730e-02
-1.0206269835608513e+01 9.7242346390530565e-01 2.3824926924732457e-02
-9.8130525275257519e+00 9.6246057043208866e-01 3.2066308384049780e-02
-9.4433567081553349e+00 9.4986330824650589e-01 4.2491544197848521e-02
-9.0949662364053303e+00 9.3424284919652512e-01 5.5442051875237416e-02
-8.7659331623611809e+00 9.1523449881911345e-01 7.1250884410243326e-02
-8.4545382789250532e+00 8.9252231853951980e-01 9.0225398894083958e-02
-8.1592584356439435e+00 8.6586568017197663e-01 1.1262805148396766e-01
-7.8787392998432555e+00 8.3512565451520038e-01 1.3865655678253316e-01
-7.6117725344806555e+00 8.0028855517324449e-01 1.6842505936641858e-01
-7.3572765790998451e+00 7.6148364182856743e-01 2.0194824654866370e-01
-7.1142803871593525e+00 7.1899209231659544e-01 2.3913038530106837e-01
-6.8819096023558668e+00 6.7324498453123893e-01 2.7976101513506207e-01
-6.6593747575129871e+00 6.2480918637850114e-01 3.2351844738205132e-01
-6.4459611589253338e+00 5.7436159552967925e-01 3.6998135997396242e-01
-6.2410201817652480e+00 5.2265383078645744e-01 4.1864776544353643e-01
-6.0439617520480473e+00 4.7047090938805813e-01 4.6895965581415172e-01
-5.8542478305626968e+00 4.1858832539418034e-01 5.2033088992072596e-01
-5.6713867462770287e+00 3.6773206931274144e-01 5.7217554004314697e-01
-5.4949282526815075e+00 3.1854548127906845e-01 6.2393401830962669e-01
-5.3244592016239594e+00 2.7156558380088930e-01 6.7509481399114846e-01
-5.1595997464024776e+00 2.2721000168139349e-01 7.2521045550303120e-01
-4.9999999999999991e+00 1.8577408573657955e-01 7.7390718559539828e-01
-4.8453370859689660e+00 1.4743668871599369e-01 8.2088863298630010e-01
-4.6953125290874613e+00 1.1227234634831286e-01 8.6593435680607345e-01
-4.5496499408886866e+00 8.0267407269356439e-02 9.0889447880994867e-01
-4.4080929618159450e+00 5.1337841468417335e-02 9.4968171339923879e-01
-4.2704034273173317e+00 2.5346893617363458e-02 9.8826201123552149e-01
-4.1363597298623764e+00 2.1212880525950982e-03 1.0246448205348686e+00
-4.0057553527937557e+00 -1.8534780341524938e-02 1.0588737095626537e+00
-3.8783975552480654e+00 -3.6828193016453847e-02 1.0910178367738537e+00
-3.7541061901938235e+00 -5.2967987021490089e-02 1.1211645317432795e+00
-3.6327126400268046e+00 -6.7158759616482808e-02 1.1494130834488110e+00
-3.5140588562017867e+00 -7.9596074258898031e-02 1.1758697129286630e+00
-3.3979964911226324e+00 -9.0463500697675892e-02 1.2006436302142458e+00
-3.2843861120063971e+00 -9.9930934361984289e-02 1.2238440380974545e+00
-3.1730964877207408e+00 -1.0815387781985807e-01 1.2455779330991990e+00
-3.0640039406996600e+00 -1.1527341516034599e-01 1.2659485572437479e+00
-2.9569917569973554e+00 -1.2141666241995686e-01 1.2850543673673442e+00
-2.8519496483664741e+00 -1.2669752493598294e-01 1.3029884057042831e+00
-2.7487732609638500e+00 -1.3121763611315213e-01 1.3198379750573586e+00
-2.6473637259100724e+00 -1.3506738410823735e-01 1.3356845390420431e+00
-2.5476272474721435e+00 -1.3832696150347806e-01 1.3506037838586347e+00
-2.4494747251123852e+00 -1.4106739515932132e-01 1.3646657919136438e+00
-2.3528214060612580e+00 -1.4335152990900391e-01 1.3779352910449938e+00
-2.2575865654349165e+00 -1.4523494382710161e-01 1.3904719466839837e+00
-2.1636932112371294e+00 -1.4676679819680960e-01 1.4023306805189053e+00
-2.0710678118654751e+00 -1.4799060877936046e-01 1.4135619957072116e+00
-1.9796400439886062e+00 -1.4894494867137906e-01 1.4242123004372880e+00
-1.8893425588791044e+00 -1.4966408117527069e-01 1.4343242187182992e+00
-1.8001107654787827e+00 -1.5017853576785584e-01 1.4439368855738217e+00
-1.7118826286434150e+00 -1.5051562826577880e-01 1.4530862198177439e+00
-1.6245984811645311e+00 -1.5069993772114998e-01 1.4618051724208501e+00
-1.5382008482994911e+00 -1.5075374604868963e-01 1.4701239450624082e+00
-1.4526342836595818e+00 -1.5069745480912680e-01 1.4780701775012723e+00
-1.3678452154111855e+00 -1.5054998390770974e-01 1.4856690944826336e+00
-1.2837818018386340e+00 -1.5032917443804650e-01 1.4929436105646607e+00
-1.2003937954005803e+00 -1.5005219846881790e-01 1.4999143754849209e+00
-1.1176324144857457e+00 -1.4973601249789553e-01 1.5065997593662919e+00
-1.0354502221396935e+00 -1.4939785350426923e-01 1.5130157500433834e+00
-9.5380101109283366e-01 -1.4905584402660318e-01 1.5191757696257504e+00
-8.7263969447182521e-01 -1.4872973577315690e-01 1.5250904234597364e+00
-7.9192220162268123e-01 -1.4844187513034091e-01 1.5307673097808496e+00
-7.1160537851471450e-01 -1.4821839510587126e-01 1.5362111927897306e+00
-6.3164689223054049e-01 -1.4809062668472170e-01 1.5414252490962479e+00
-5.5200513907909432e-01 -1.4809673213644112e-01 1.5464147072431209e+00
-4.7263915589640981e-01 -1.4828424180439442e-01 1.5511955471369649e+00
-3.9350853412309161e-01 -1.4871445500819255e-01 1.5558114180248395e+00
-3.1457333626824907e-01 -1.4947144033077681e-01 1.5603605210781852e+00
-2.3579401438740255e-01 -1.5067469033117317e-01 1.5650199121627795e+00
-1.5713133021675590e-01 -1.5248845622647819e-01 1.5700248558348366e+00
-7.8546276618324654e-02 -1.5510908753031558e-01 1.5755465328796929e+00
0.0000000000000000e+00 -1.5871538652341949e-01 1.5815105547809474e+00
7.8546276618324654e-02 -1.6339961305181624e-01 1.5875780443661740e+00
1.5713133021675590e-01 -1.6913072304806420e-01 1.5934124788824062e+00
2.3579401438740255e-01 -1.7577723816459959e-01 1.5989516770597410e+00
3.1457333626824907e-01 -1.8316201284687891e-01 1.6043942887784179e+00
3.9350853412309256e-01 -1.9110776088258785e-01 1.6100131553832653e+00
4.7263915589641059e-01 -1.9945905574712494e-01 1.6160235499015956e+00
5.5200513907909521e-01 -2.0808680084406020e-01 1.6225572265147767e+00
6.3164689223054138e-01 -2.1688447688032184e-01 1.6296863817854068e+00
7.1160537851471528e-01 -2.2576260020893113e-01 1.6374520917784645e+00
7.9192220162268223e-01 -2.3464338164521792e-01 1.6458827307561203e+00
8.7263969447182621e-01 -2.4345648363246256e-01 1.6550032059123176e+00
9.5380101109283455e-01 -2.5213578357895194e-01 1.6648387168803194e+00
1.0354502221396944e+00 -2.6061692809899423e-01 1.6754157983197917e+00
1.1176324144857466e+00 -2.6883559100538973e-01 1.6867622293503213e+00
1.2003937954005814e+00 -2.7672619652423774e-01 1.6989064896733581e+00
1.2837818018386331e+00 -2.8422105801713476e-01 1.7118770802512309e+00
1.3678452154111855e+00 -2.9124983856442993e-01 1.7257018121644288e+00
1.4526342836595818e+00 -2.9773928293762170e-01 1.7404070904561295e+00
1.5382008482994911e+00 -3.0361319712111551e-01 1.7560171975407473e+00
1.6245984811645311e+00 -3.0879265217066731e-01 1.7725535701247843e+00
1.7118826286434150e+00 -3.1319640249082681e-01 1.7900340666680292e+00
1.8001107654787827e+00 -3.1674151291517011e-01 1.8084722284685670e+00
1.8893425588791044e+00 -3.1934418552190535e-01 1.8278765410203610e+00
1.9796400439886062e+00 -3.2092077832642002e-01 1.8482497085508904e+00
2.0710678118654751e+00 -3.2138900242737495e-01 1.8695879593339344e+00
2.1636932112371294e+00 -3.2066927688150082e-01 1.8918804028769660e+00
2.2575865654349165e+00 -3.1868621332719249e-01 1.9151084630551705e+00
2.3528214060612580e+00 -3.1537019372463521e-01 1.9392454128364687e+00
2.4494747251123852e+00 -3.1065899610123493e-01 1.9642560365051707e+00
2.5476272474721444e+00 -3.0449941520372237e-01 1.9900964437422428e+00
2.6473637259100737e+00 -2.9684881919836997e-01 2.0167140570407058e+00
2.7487732609638504e+00 -2.8767657927533591e-01 2.0440477887300084e+00
2.8519496483664746e+00 -2.7696530963748800e-01 2.0720284182217727e+00
2.9569917569973558e+00 -2.6471185658910223e-01 2.1005791712309847e+00
3.0640039406996604e+00 -2.5092798607728956e-01 2.1296164966379458e+00
3.1730964877207413e+00 -2.3564072260784191e-01 2.1590510237254827e+00
3.2843861120063975e+00 -2.1889231831130143e-01 2.1887886785607868e+00
3.3979964911226332e+00 -2.0073983768299802e-01 2.2187319295401000e+00
3.5140588562017880e+00 -1.8125435856800035e-01 2.2487811219675380e+00
3.6327126400268064e+00 -1.6051982301693096e-01 2.2788358638346966e+00
3.7541061901938226e+00 -1.3863157122215197e-01 2.3087964183568617e+00
3.8783975552480650e+00 -1.1569461387888612e-01 2.3385650602295107e+00
4.0057553527937557e+00 -9.1821709577863675e-02 2.3680473559078501e+00
4.1363597298623764e+00 -6.7131317780409747e-02 2.3971533320242422e+00
4.2704034273173317e+00 -4.1745502238230217e-02 2.4257985023663484e+00
4.4080929618159450e+00 -1.5787859590883024e-02 2.4539047327858974e+00
4.5496499408886866e+00 1.0618462577226677e-02 2.4814009328261641e+00
4.6953125290874613e+00 3.7352612243603894e-02 2.5082235670536188e+00
4.8453370859689660e+00 6.4297697595303918e-02 2.5343169841475595e+00
4.9999999999999991e+00 9.1342228422532590e-02 2.5596335721058159e+00
5.1595997464024776e+00 1.1838131760996648e-01 2.5841337530641719e+00
5.3244592016239594e+00 1.4531763414493565e-01 2.6077858347756999e+00
5.4949282526815075e+00 1.7206210941437830e-01 2.6305657383982730e+00
5.6713867462770287e+00 1.9853440744986237e-01 2.6524566237626028e+00
5.8542478305626968e+00 2.2466317676717368e-01 2.6734484336600177e+00
6.0439617520480473e+00 2.5038610649391335e-01 2.6935373781157135e+00
6.2410201817652480e+00 2.7564981267252670e-01 2.7127253782945964e+00
6.4459611589253338e+00 3.0040958214487978e-01 2.7310194878309635e+00
6.6593747575129889e+00 3.2462900153053897e-01 2.7484313071706308e+00
6.8819096023558686e+00 3.4827949778136086e-01 2.7649764041379177e+00
7.1142803871593543e+00 3.7133981492699542e-01 2.7806737515333819e+00
7.3572765790998478e+00 3.9379544918668524e-01 2.7955451902408308e+00
7.6117725344806590e+00 4.1563806185201724e-01 2.8096149241586077e+00
7.8787392998432555e+00 4.3686488644754207e-01 2.8229090513234030e+00
8.1592584356439506e+00 4.5747814380701601e-01 2.8354551338967076e+00
8.4545382789250585e+00 4.7748447598552146e-01 2.8472818082456439e+00
8.7659331623611809e+00 4.9689440744054736e-01 2.8584184351675548e+00
9.0949662364053303e+00 5.1572183971161245e-01 2.8688947893666490e+00
9.4433567081553349e+00 5.3398358393193401e-01 2.8787407865697068e+00
9.8130525275257519e+00 5.5169893392442926e-01 2.8879862461409722e+00
1.0206269835608513e+01 5.6888928136056538e-01 2.8966606866966877e+00
1.0625540865786014e+01 5.8557777347874462e-01 2.9047931519994341e+00
1.1073772489066805e+01 6.0178901314741340e-01 2.9124120643064884e+00
1.1554318269412054e+01 6.1754880059853967e-01 2.9195451023298462e+00
1.2071067811865476e+01 6.3288391592756910e-01 2.9262191010180127e+00
1.2628558447236520e+01 6.4782194144827798e-01 2.9324599704722685e+00
1.3232116051433158e+01 6.6239112319743232e-01 2.9382926314463753e+00
1.3888034269574872e+01 6.7662027131487767e-01 2.9437409650346704e+00
1.4603804946494083e+01 6.9053869970651915e-01 2.9488277743174973e+00
1.5388417685876263e+01 7.0417620638005896e-01 2.9535747558937713e+00
1.6252754006499185e+01 7.1756309721688050e-01 2.9580024793759403e+00
1.7210112883346092e+01 7.3073025784894807e-01 2.9621303730431157e+00
1.8276921773261307e+01 7.4370928098364619e-01 2.9659767139273598e+00
1.9473714274649300e+01 7.5653266033490829e-01 2.9695586206267124e+00
