-1.9994428533622344e+01 9.9987707925112679e-01 4.2144228938706087e-04
-1.9730843679867011e+01 9.9987207755110641e-01 4.3365627022527194e-04
-1.9473714274649282e+01 9.9986687714995814e-01 4.4613819308995321e-04
-1.9222801143676818e+01 9.9986146303693657e-01 4.5890078031226049e-04
-1.8977876778593902e+01 9.9985581838129989e-01 4.7195826495219405e-04
-1.8738724634211660e+01 9.9984992434569042e-01 4.8532654421038949e-04
-1.8505138475936359e+01 9.9984375988861163e-01 4.9902334230876046e-04
-1.8276921773261293e+01 9.9983730155578643e-01 5.1306838243931848e-04
-1.8053887135573284e+01 9.9983052326023092e-01 5.2748356770772060e-04
-1.7835855786869047e+01 9.9982339605165815e-01 5.4229317118406617e-04
-1.7622657076286288e+01 9.9981588787533016e-01 5.5752403455477484e-04
-1.7414128021632642e+01 9.9980796332055610e-01 5.7320577519339409e-04
-1.7210112883346092e+01 9.9979958335926533e-01 5.8937100147314343e-04
-1.7010462766545764e+01 9.9979070507519763e-01 6.0605553586227056e-04
-1.6815035249035951e+01 9.9978128138405620e-01 6.2329864546179566e-04
-1.6623694033309864e+01 9.9977126074504019e-01 6.4114327945608853e-04
-1.6436308620765786e+01 9.9976058686442415e-01 6.5963631327131179e-04
-1.6252754006499185e+01 9.9974919839193865e-01 6.7882879886679522e-04
-1.6072910393170122e+01 9.9973702861009206e-01 6.9877622043005910e-04
-1.5896662922569645e+01 9.9972400511751602e-01 7.1953875533772263e-04
-1.5723901423620820e+01 9.9971004950696352e-01 7.4118153950796005e-04
-1.5554520175652449e+01 9.9969507703819560e-01 7.6377493660074764e-04
-1.5388417685876263e+01 9.9967899630713219e-01 7.8739481086742362e-04
-1.5225496480083336e+01 9.9966170891146977e-01 8.1212280262110508e-04
-1.5065662905652395e+01 9.9964310911377496e-01 8.3804660587318881e-04
-1.4908826946033331e+01 9.9962308350271067e-01 8.6526024767472629e-04
-1.4754902045933637e+01 9.9960151065310965e-01 8.9386436830661174e-04
-1.4603804946494083e+01 9.9957826078556400e-01 9.2396650184438096e-04
-1.4455455529794065e+01 9.9955319542651411e-01 9.5568135663296090e-04
-1.4309776672076255e+01 9.9952616706938524e-01 9.8913109483731777e-04
-1.4166694105125419e+01 9.9949701883746367e-01 1.0244456106109417e-03
-1.4026136285277705e+01 9.9946558414940612e-01 1.0617628062887579e-03
-1.3888034269574872e+01 9.9943168638794411e-01 1.1012288660037673e-03
-1.3752321598612845e+01 9.9939513857260431e-01 1.1429985261324042e-03
-1.3618934185666234e+01 9.9935574303685804e-01 1.1872353421403989e-03
-1.3487810211699946e+01 9.9931329111078737e-01 1.2341119511941683e-03
-1.3358890025906604e+01 9.9926756280952689e-01 1.2838103300772063e-03
-1.3232116051433158e+01 9.9921832652841747e-01 1.3365220478507123e-03
-1.3107432695983759e+01 9.9916533874512914e-01 1.3924485128077061e-03
-1.2984786267007030e+01 9.9910834372981394e-01 1.4518012133844052e-03
-1.2864124891195859e+01 9.9904707326353670e-01 1.5148019521545280e-03
-1.2745398438045964e+01 9.9898124636536234e-01 1.5816830729710506e-03
-1.2628558447236520e+01 9.9891056902928366e-01 1.6526876807282721e-03
-1.2513558059611725e+01 9.9883473397098388e-01 1.7280698529085299e-03
-1.2400351951556647e+01 9.9875342038494441e-01 1.8080948430864267e-03
-1.2288896272574291e+01 9.9866629371272897e-01 1.8930392757799349e-03
-1.2179148585883055e+01 9.9857300542254246e-01 1.9831913322173834e-03
-1.2071067811865476e+01 9.9847319280068902e-01 2.0788509268232498e-03
-1.1964614174209885e+01 9.9836647875555073e-01 2.1803298740442310e-03
-1.1859749148596537e+01 9.9825247163409248e-01 2.2879520451995422e-03
-1.1756435413789015e+01 9.9813076505154597e-01 2.4020535150114193e-03
-1.1654636805000454e+01 9.9800093773475795e-01 2.5229826976551750e-03
-1.1554318269412054e+01 9.9786255337936791e-01 2.6511004719629795e-03
-1.1455445823728876e+01 9.9771516052128528e-01 2.7867802955640511e-03
-1.1357986513664933e+01 9.9755829242292582e-01 2.9304083076468483e-03
-1.1261908375255947e+01 9.9739146697423364e-01 3.0823834202088327e-03
-1.1167180397904366e+01 9.9721418660932626e-01 3.2431173974759621e-03
-1.1073772489066805e+01 9.9702593823854180e-01 3.4130349232272738e-03
-1.0981655440499347e+01 9.9682619319654053e-01 3.5925736560481528e-03
-1.0890800895981148e+01 9.9661440720687344e-01 3.7821842721092970e-03
-1.0801181320441309e+01 9.9639002036301172e-01 3.9823304951278529e-03
-1.0712769970418417e+01 9.9615245712615341e-01 4.1934891136955112e-03
-1.0625540865786014e+01 9.9590112634051320e-01 4.4161499855573973e-03
-1.0539468762681290e+01 9.9563542126588767e-01 4.6508160286956070e-03
-1.0454529127577546e+01 9.9535471962819289e-01 4.8980031988673095e-03
-1.0370698112444520e+01 9.9505838368762767e-01 5.1582404538409107e-03
-1.0287952530943684e+01 9.9474576032572903e-01 5.4320697038790248e-03
-1.0206269835608513e+01 9.9441618115066222e-01 5.7200457481911523e-03
-1.0125628095962547e+01 9.9406896262138189e-01 6.0227361974705155e-03
-1.0046005977530550e+01 9.9370340619104336e-01 6.3407213822380976e-03
-9.9673827217005613e+00 9.9331879846972981e-01 6.6745942468529832e-03
-9.8897381263968196e+00 9.9291441140683556e-01 7.0249602289552838e-03
-9.8130525275257519e+00 9.9248950249320556e-01 7.3924371242488109e-03
-9.7373067811592033e+00 9.9204331498352971e-01 7.7776549366910218e-03
-9.6624822464209075e+00 9.9157507813913937e-01 8.1812557135905878e-03
-9.5885607690440526e+00 9.9108400749115422e-01 8.6038933656621668e-03
-9.5155246655694476e+00 9.9056930512468966e-01 9.0462334719659601e-03
-9.4433567081553349e+00 9.9003015998390709e-01 9.5089530694753115e-03
-9.3720401099714223e+00 9.8946574819839994e-01 9.9927404272179155e-03
-9.3015585111510717e+00 9.8887523343085937e-01 1.0498294804914866e-02
-9.2318959652769319e+00 9.8825776724655467e-01 1.1026326196013375e-02
-9.1630369263764919e+00 9.8761248950454117e-01 1.1577555054756493e-02
-9.0949662364053303e+00 9.8693852877059929e-01 1.2152712007512704e-02
-9.0276691131967421e+00 9.8623500275247067e-01 1.2752537548328379e-02
-8.9611311388576880e+00 9.8550101875742313e-01 1.3377781718207426e-02
-8.8953382485918411e+00 9.8473567417178665e-01 1.4029203768388407e-02
-8.8302767199315220e+00 9.8393805696332759e-01 1.4707571807530543e-02
-8.7659331623611809e+00 9.8310724620582224e-01 1.5413662432680005e-02
-8.7022945073159068e+00 9.8224231262652306e-01 1.6148260343978541e-02
-8.6393479985392414e+00 9.8134231917592929e-01 1.6912157943039706e-02
-8.5770811827853084e+00 9.8040632162024710e-01 1.7706154915265844e-02
-8.5154819008510803e+00 9.7943336915672929e-01 1.8531057795764458e-02
-8.4545382789250532e+00 9.7842250505119144e-01 1.9387679519000119e-02
-8.3942387202394979e+00 9.7737276729825850e-01 2.0276838952398884e-02
-8.3345718970138662e+00 9.7628318930399494e-01 2.1199360413623636e-02
-8.2755267426775934e+00 9.7515280059061782e-01 2.2156073171956534e-02
-8.2170924443610556e+00 9.7398062752357728e-01 2.3147810933616349e-02
-8.1592584356439435e+00 9.7276569406025826e-01 2.4175411311333776e-02
-8.1020143895508454e+00 9.7150702252054211e-01 2.5239715278126396e-02
-8.0453502117842053e+00 9.7020363437857471e-01 2.6341566605423746e-02
-7.9892560341853951e+00 9.6885455107550900e-01 2.7481811286202976e-02
-7.9337222084149230e+00 9.6745879485332464e-01 2.8661296942717476e-02
-7.8787392998432555e+00 9.6601538960843036e-01 2.9880872219253500e-02
-7.8242980816441774e+00 9.6452336176524678e-01 3.1141386160477538e-02
-7.7703895290827916e+00 9.6298174116917801e-01 3.2443687575462718e-02
-7.7170048139908101e+00 9.6138956199833991e-01 3.3788624387699667e-02
-7.6641352994219503e+00 9.5974586369344961e-01 3.5177042971254631e-02
-7.6117725344806555e+00 9.5804969190492584e-01 3.6609787473869747e-02
-7.5599082493175942e+00 9.5630009945713057e-01 3.8087699127453203e-02
-7.5085343502857027e+00 9.5449614732871579e-01 3.9611615545777856e-02
-7.4576429152508101e+00 9.5263690564761661e-01 4.1182370010552839e-02
-7.4072261890510838e+00 9.5072145470102476e-01 4.2800790746331668e-02
-7.3572765790998451e+00 9.4874888595863260e-01 4.4467700184277467e-02
-7.3077866511264862e+00 9.4671830310796723e-01 4.6183914216056950e-02
-7.2587491250504588e+00 9.4462882310167984e-01 4.7950241438037333e-02
-7.2101568709834964e+00 9.4247957721471165e-01 4.9767482386561257e-02
-7.1620029053554592e+00 9.4026971211077903e-01 5.1636428765250188e-02
-7.1142803871593525e+00 9.3799839091694448e-01 5.3557862664671163e-02
-7.0669826143112608e+00 9.3566479430444627e-01 5.5532555775525336e-02
-7.0201030201211312e+00 9.3326812157548322e-01 5.7561268595901480e-02
-6.9736351698704580e+00 9.3080759175334882e-01 5.9644749633784383e-02
-6.9275727574931381e+00 9.2828244467585319e-01 6.1783734605080617e-02
-6.8819096023558668e+00 9.2569194208894268e-01 6.3978945628739431e-02
-6.8366396461346071e+00 9.2303536874039493e-01 6.6231090419751254e-02
-6.7917569497838173e+00 9.2031203347147061e-01 6.8540861480823431e-02
-6.7472556905952317e+00 9.1752127030466080e-01 7.0908935293786876e-02
-6.7031301593431047e+00 9.1466243952592818e-01 7.3335971512154693e-02
-6.6593747575129871e+00 9.1173492876032736e-01 7.5822612155291416e-02
-6.6159839946112005e+00 9.0873815403804969e-01 7.8369480805990793e-02
-6.5729524855522499e+00 9.0567156085052902e-01 8.0977181812049798e-02
-6.5302749481215798e+00 9.0253462519329397e-01 8.3646299493365064e-02
-6.4879462005111410e+00 8.9932685459487216e-01 8.6377397355722904e-02
-6.4459611589253338e+00 8.9604778912940053e-01 8.9171017312194220e-02
-6.4043148352550130e+00 8.9269700241067684e-01 9.2027678913625607e-02
-6.3630023348172751e+00 8.8927410256611761e-01 9.4947878589655407e-02
-6.3220188541588982e+00 8.8577873318888201e-01 9.7932088901147490e-02
-6.2813596789213344e+00 8.8221057426550364e-01 1.0098075780541430e-01
-6.2410201817652480e+00 8.7856934307738277e-01 1.0409430793578474e-01
-6.2009958203526807e+00 8.7485479507439035e-01 1.0727313589661183e-01
-6.1612821353849778e+00 8.7106672471835755e-01 1.1051761157494538e-01
-6.1218747486946921e+00 8.6720496629424226e-01 1.1382807747051603e-01
-6.0827693613897225e+00 8.6326939468768027e-01 1.1720484804486629e-01
-6.0439617520480473e+00 8.5925992612599411e-01 1.2064820909138009e-01
-6.0054477749614277e+00 8.5517651888196966e-01 1.2415841712719262e-01
-5.9672233584265646e+00 8.5101917393719906e-01 1.2773569880844568e-01
-5.9292845030821866e+00 8.4678793560424015e-01 1.3138025037002143e-01
-5.8916272802906544e+00 8.4248289210505489e-01 1.3509223709118648e-01
-5.8542478305626968e+00 8.3810417610434562e-01 1.3887179278818262e-01
-5.8171423620239269e+00 8.3365196519591045e-01 1.4271901933516601e-01
-5.7803071489218718e+00 8.2912648234061204e-01 1.4663398621435994e-01
-5.7437385301722452e+00 8.2452799625379292e-01 1.5061673009691576e-01
-5.7074329079432937e+00 8.1985682174145202e-01 1.5466725445527518e-01
-5.6713867462770287e+00 8.1511331998290881e-01 1.5878552920831732e-01
-5.6355965697462356e+00 8.1029789875940739e-01 1.6297149040023728e-01
-5.6000589621462051e+00 8.0541101262675019e-01 1.6722503991411622e-01
-5.5647705652200994e+00 8.0045316303118197e-01 1.7154604522108727e-01
-5.5297280774169808e+00 7.9542489836735852e-01 1.7593433916586387e-01
-5.4949282526815075e+00 7.9032681397729165e-01 1.8038971978960824e-01
-5.4603678992743854e+00 7.8515955208970467e-01 1.8491195019094284e-01
-5.4260438786226270e+00 7.7992380169904951e-01 1.8950075842535732e-01
-5.3919531041987847e+00 7.7462029838300384e-01 1.9415583744422474e-01
-5.3580925404282684e+00 7.6924982405906972e-01 1.9887684507342090e-01
-5.3244592016239594e+00 7.6381320667868846e-01 2.0366340403228364e-01
-5.2910501509473118e+00 7.5831131985949629e-01 2.0851510199334747e-01
-5.2578624993951770e+00 7.5274508245543681e-01 2.1343149168306993e-01
-5.2248934048116125e+00 7.4711545806462998e-01 2.1841209102356474e-01
-5.1921400709239576e+00 7.4142345447498437e-01 2.2345638331588377e-01
-5.1595997464024776e+00 7.3567012304843371e-01 2.2856381746497179e-01
-5.1272697239429199e+00 7.2985655804421701e-01 2.3373380824564222e-01
-5.0951473393713069e+00 7.2398389588101630e-01 2.3896573660997084e-01
-5.0632299707703678e+00 7.1805331433953368e-01 2.4425895003596265e-01
-5.0315150376269706e+00 7.1206603170617355e-01 2.4961276291702592e-01
-4.9999999999999991e+00 7.0602330585891571e-01 2.5502645699172666e-01
-4.9686823577080723e+00 6.9992643329606041e-01 2.6049928181389581e-01
-4.9375596495365706e+00 6.9377674811013257e-01 2.6603045526196140e-01
-4.9066294524634415e+00 6.8757562090743851e-01 2.7161916408700271e-01
-4.8758893809032458e+00 6.8132445767512340e-01 2.7726456449949910e-01
-4.8453370859689660e+00 6.7502469859838832e-01 2.8296578279298223e-01
-4.8149702547510760e+00 6.6867781682803140e-01 2.8872191600410824e-01
-4.7847866096134055e+00 6.6228531720148609e-01 2.9453203260862304e-01
-4.7547839075053409e+00 6.5584873491960605e-01 3.0039517325113407e-01
-4.7249599392899322e+00 6.4936963417973093e-01 3.0631035150901770e-01
-4.6953125290874613e+00 6.4284960677002523e-01 3.1227655468790094e-01
-4.6658395336340650e+00 6.3629027062483035e-01 3.1829274464829904e-01
-4.6365388416550157e+00 6.2969326834542794e-01 3.2435785866162259e-01
-4.6074083732522482e+00 6.2306026568750317e-01 3.3047081029458025e-01
-4.5784460793057891e+00 6.1639295001914529e-01 3.3663049032010062e-01
-4.5496499408886866e+00 6.0969302875120079e-01 3.4283576765337032e-01
-4.5210179686951033e+00 6.0296222774295882e-01 3.4908549031187830e-01
-4.4925482024812267e+00 5.9620228968685518e-01 3.5537848639717406e-01
-4.4642387105186527e+00 5.8941497247389707e-01 3.6171356509704333e-01
-4.4360875890599321e+00 5.8260204754357181e-01 3.6808951770632103e-01
-4.4080929618159450e+00 5.7576529822090183e-01 3.7450511866483505e-01
-4.3802529794448146e+00 5.6890651804403025e-01 3.8095912661004777e-01
-4.3525658190520531e+00 5.6202750908447252e-01 3.8745028544365079e-01
-4.3250296837016586e+00 5.5513008026445743e-01 3.9397732540932628e-01
-4.2976428019378705e+00 5.4821604567288407e-01 4.0053896418055424e-01
-4.2704034273173317e+00 5.4128722288427977e-01 4.0713390795604698e-01
-4.2433098379513687e+00 5.3434543128248335e-01 4.1376085256145784e-01
-4.2163603360581519e+00 5.2739249039308567e-01 4.2041848455516606e-01
-4.1895532475244881e+00 5.2043021822669633e-01 4.2710548233684820e-01
-4.1628869214769866e+00 5.1346042963691330e-01 4.3382051725624038e-01
-4.1363597298623764e+00 5.0648493469460998e-01 4.4056225472048038e-01
-4.1099700670367483e+00 4.9950553708169459e-01 4.4732935529931594e-01
-4.0837163493634856e+00 4.9252403250840376e-01 4.5412047582470794e-01
-4.0575970148196943e+00 4.8554220715426227e-01 4.6093427048421337e-01
-4.0316105226108876e+00 4.7856183613720887e-01 4.6776939190637440e-01
-4.0057553527937557e+00 4.7158468201273890e-01 4.7462449223576592e-01
-3.9800300059067970e+00 4.6461249330461452e-01 4.8149822419706556e-01
-3.9544330026086389e+00 4.5764700307096584e-01 4.8838924214569090e-01
-3.9289628833238388e+00 4.5068992750633230e-01 4.9529620310405842e-01
-3.9036182078960109e+00 4.4374296458268531e-01 5.0221776778165539e-01
-3.8783975552480654e+00 4.3680779273077919e-01 5.0915260157781250e-01
-3.8532995230494391e+00 4.2988606956403802e-01 5.1609937556547070e-01
-3.8283227273900922e+00 4.2297943064616805e-01 5.2305676745479313e-01
-3.8034658024611496e+00 4.1608948830421155e-01 5.3002346253553201e-01
-3.7787274002420199e+00 4.0921783048864974e-01 5.3699815459683042e-01
-3.7541061901938235e+00 4.0236601968150110e-01 5.4397954682335858e-01
-3.7296008589589964e+00 3.9553559185359155e-01 5.5096635266695215e-01
-3.7052101100669175e+00 3.8872805547242334e-01 5.5795729669242555e-01
-3.6809326636454136e+00 3.8194489056064440e-01 5.6495111539687248e-01
-3.6567672561380125e+00 3.7518754780646330e-01 5.7194655800199379e-01
-3.6327126400268046e+00 3.6845744772699024e-01 5.7894238721812308e-01
-3.6087675835607791e+00 3.6175597988381764e-01 5.8593737997969764e-01
-3.5849308704895151e+00 3.5508450215234405e-01 5.9293032815086721e-01
-3.5612012998020970e+00 3.4844434004354291e-01 5.9992003920244463e-01
-3.5375776854711374e+00 3.4183678608085949e-01 6.0690533685770831e-01
-3.5140588562017867e+00 3.3526309922923342e-01 6.1388506170750290e-01
-3.4906436551856186e+00 3.2872450437740125e-01 6.2085807179541264e-01
-3.4673309398592727e+00 3.2222219187448486e-01 6.2782324317059923e-01
-3.4441195816677590e+00 3.1575731711741239e-01 6.3477947041025851e-01
-3.4210084658323021e+00 3.0933100019188325e-01 6.4172566711059054e-01
-3.3979964911226324e+00 3.0294432556443468e-01 6.4866076634589820e-01
-3.3750825696336229e+00 2.9659834182470007e-01 6.5558372109685115e-01
-3.3522656265661670e+00 2.9029406147848053e-01 6.6249350464740808e-01
-3.3295446000122157e+00 2.8403246078959338e-01 6.6938911095055753e-01
-3.3069184407438619e+00 2.7781447966970307e-01 6.7626955496331176e-01
-3.2843861120063971e+00 2.7164102161518611e-01 6.8313387295156558e-01
-3.2619465893152446e+00 2.6551295369071615e-01 6.8998112276396584e-01
-3.2395988602566872e+00 2.5943110655642199e-01 6.9681038407669593e-01
-3.2173419242923034e+00 2.5339627453940028e-01 7.0362075860856810e-01
-3.1951747925670237e+00 2.4740921574694930e-01 7.1041137030735357e-01
-3.1730964877207408e+00 2.4147065222091096e-01 7.1718136550772593e-01
-3.1511060437033818e+00 2.3558127013117491e-01 7.2392991306142807e-01
-3.1292025055933830e+00 2.2974172000712148e-01 7.3065620444047918e-01
-3.1073849294194718e+00 2.2395261700587629e-01 7.3735945381338419e-01
-3.0856523819857005e+00 2.1821454121475020e-01 7.4403889809590362e-01
-3.0640039406996600e+00 2.1252803798764447e-01 7.5069379697671668e-01
-3.0424386934037879e+00 2.0689361831337166e-01 7.5732343291807935e-01
-3.0209557382097336e+00 2.0131175921328687e-01 7.6392711113356693e-01
-2.9995541833356851e+00 1.9578290416855199e-01 7.7050415954255813e-01
-2.9782331469466126e+00 1.9030746357414879e-01 7.7705392870230705e-01
-2.9569917569973554e+00 1.8488581521774899e-01 7.8357579171951564e-01
-2.9358291510785035e+00 1.7951830478350345e-01 7.9006914414037532e-01
-2.9147444762650041e+00 1.7420524637686513e-01 7.9653340382173332e-01
-2.8937368889674362e+00 1.6894692307096812e-01 8.0296801078304791e-01
-2.8728055547859022e+00 1.6374358747167556e-01 8.0937242704078438e-01
-2.8519496483664741e+00 1.5859546230079097e-01 8.1574613642468607e-01
-2.8311683532601521e+00 1.5350274099407513e-01 8.2208864437881735e-01
-2.8104608617842675e+00 1.4846558831505330e-01 8.2839947774688005e-01
-2.7898263748862884e+00 1.4348414098172849e-01 8.3467818454244758e-01
-2.7692641020099780e+00 1.3855850830429808e-01 8.4092433370593844e-01
-2.7487732609638500e+00 1.3368877283394745e-01 8.4713751484784949e-01
-2.7283530777918843e+00 1.2887499101934999e-01 8.5331733798089160e-01
-2.7080027866464440e+00 1.2411719387207988e-01 8.5946343324000307e-01
-2.6877216296633515e+00 1.1941538763732731e-01 8.6557545059242980e-01
-2.6675088568390914e+00 1.1476955447033817e-01 8.7165305953726047e-01
-2.6473637259100724e+00 1.1017965311561712e-01 8.7769594879686996e-01
-2.6272855022339310e+00 1.0564561959007984e-01 8.8370382599918273e-01
-2.6072734586728186e+00 1.0116736786619902e-01 8.8967641735360359e-01
-2.5873268754786349e+00 9.6744790557196300e-02 8.9561346731915104e-01
-2.5674450401801758e+00 9.2377759600307613e-02 9.0151473826686224e-01
-2.5476272474721435e+00 8.8066126938854808e-02 9.0738001013711278e-01
-2.5278727991059933e+00 8.3809725202168145e-02 9.1320908009151236e-01
-2.5081810037825729e+00 7.9608368381026084e-02 9.1900176216177720e-01
-2.4885511770465167e+00 7.5461852500149224e-02 9.2475788689427518e-01
-2.4689826411823672e+00 7.1369956284355690e-02 9.3047730099240988e-01
-2.4494747251123852e+00 6.7332441819968725e-02 9.3615986695608167e-01
-2.4300267642960067e+00 6.3349055208623037e-02 9.4180546271956811e-01
-2.4106381006309268e+00 5.9419527213899502e-02 9.4741398128907328e-01
-2.3913080823557702e+00 5.5543573901109998e-02 9.5298533037863475e-01
-2.3720360639543165e+00 5.1720897267380994e-02 9.5851943204619805e-01
-2.3528214060612580e+00 4.7951185863183615e-02 9.6401622232998863e-01
-2.3336634753694390e+00 4.4234115404055994e-02 9.6947565088587351e-01
-2.3145616445385766e+00 4.0569349372554409e-02 9.7489768062637649e-01
-2.2955152921054069e+00 3.6956539610305539e-02 9.8028228736057310e-01
-2.2765238023952437e+00 3.3395326898485740e-02 9.8562945943616698e-01
-2.2575865654349165e+00 2.9885341527378314e-02 9.9093919738387726e-01
-2.2387029768670610e+00 2.6426203854138547e-02 9.9621151356467785e-01
-2.2198724378657388e+00 2.3017524849090278e-02 1.0014464318203706e+00
-2.2010943550533533e+00 1.9658906630119218e-02 1.0066439871273771e+00
-2.1823681404188440e+00 1.6349942984714639e-02 1.0118042252540163e+00
-2.1636932112371294e+00 1.3090219879536161e-02 1.0169272024217786e+00
-2.1450689899897757e+00 9.8793159572351831e-03 1.0220129849712052e+00
-2.1264949042868659e+00 6.7168030213201942e-03 1.0270616490312094e+00
-2.1079703867900488e+00 3.6022465067871204e-03 1.0320732801945318e+00
-2.0894948751367437e+00 5.3520593984957812e-04 1.0370479731964375e+00
-2.0710678118654751e+00 -2.4847646170636198e-03 1.0419858315989565e+00
-2.0526886443423216e+00 -5.4581161329763078e-03 1.0468869674809600e+00
-2.0343568246884525e+00 -8.3853041882114548e-03 1.0517515011331884e+00
-2.0160718097087309e+00 -1.1266788567637936e-02 1.0565795607583679e+00
-1.9978330608213690e+00 -1.4103032867255090e-02 1.0613712821776755e+00
-1.9796400439886062e+00 -1.6894504113027974e-02 1.0661268085427216e+00
-1.9614922296483983e+00 -1.9641672392473324e-02 1.0708462900526823e+00
-1.9433890926470920e+00 -2.2345010500043654e-02 1.0755298836780827e+00
-1.9253301121730706e+00 -2.5004993594199880e-02 1.0801777528898788e+00
-1.9073147716913499e+00 -2.7622098867928203e-02 1.0847900673954094e+00
-1.8893425588791044e+00 -3.0196805230829269e-02 1.0893670028800917e+00
-1.8714129655621119e+00 -3.2729593004013083e-02 1.0939087407551202e+00
-1.8535254876520912e+00 -3.5220943627196161e-02 1.0984154679115072e+00
-1.8356796250849208e+00 -3.7671339377870393e-02 1.1028873764802753e+00
-1.8178748817597212e+00 -4.0081263102282140e-02 1.1073246635987219e+00
-1.8001107654787827e+00 -4.2451197958630137e-02 1.1117275311833787e+00
-1.7823867878883237e+00 -4.4781627171275686e-02 1.1160961857088754e+00
-1.7647024644200622e+00 -4.7073033796823323e-02 1.1204308379935914e+00
-1.7470573142335879e+00 -4.9325900500766413e-02 1.1247317029906290e+00
-1.7294508601595171e+00 -5.1540709346169403e-02 1.1289989995850847e+00
-1.7118826286434150e+00 -5.3717941593337246e-02 1.1332329503972589e+00
-1.6943521496904719e+00 -5.5858077511035498e-02 1.1374337815939755e+00
-1.6768589568109209e+00 -5.7961596195785961e-02 1.1416017227043267e+00
-1.6594025869661801e+00 -6.0028975403937285e-02 1.1457370064426251e+00
-1.6419825805157027e+00 -6.2060691392454584e-02 1.1498398685364934e+00
-1.6245984811645311e+00 -6.4057218770828039e-02 1.1539105475608757e+00
-1.6072498359115306e+00 -6.6019030363125689e-02 1.1579492847779260e+00
-1.5899361949982971e+00 -6.7946597080206533e-02 1.1619563239833779e+00
-1.5726571118587214e+00 -6.9840387801621356e-02 1.1659319113599607e+00
-1.5554121430692023e+00 -7.1700869265520231e-02 1.1698762953354671e+00
-1.5382008482994911e+00 -7.3528505969376781e-02 1.1737897264479513e+00
-1.5210227902641573e+00 -7.5323760078308266e-02 1.1776724572142925e+00
-1.5038775346746667e+00 -7.7087091344961375e-02 1.1815247420049821e+00
-1.4867646501920535e+00 -7.8818957038476675e-02 1.1853468369251501e+00
-1.4696837083801819e+00 -8.0519811882595410e-02 1.1891389997027404e+00
-1.4526342836595818e+00 -8.2190108000766163e-02 1.1929014895817811e+00
-1.4356159532618471e+00 -8.3830294871022226e-02 1.1966345672216021e+00
-1.4186282971845907e+00 -8.5440819288652950e-02 1.2003384946004614e+00
-1.4016708981469366e+00 -8.7022125338714298e-02 1.2040135349239287e+00
-1.3847433415455508e+00 -8.8574654378170622e-02 1.2076599525387663e+00
-1.3678452154111855e+00 -9.0098845027359459e-02 1.2112780128540159e+00
-1.3509761103657443e+00 -9.1595133168589013e-02 1.2148679822670498e+00
-1.3341356195798406e+00 -9.3063951954254848e-02 1.2184301280962437e+00
-1.3173233387308512e+00 -9.4505731822460623e-02 1.2219647185178797e+00
-1.3005388659614534e+00 -9.5920900522408176e-02 1.2254720225086901e+00
-1.2837818018386340e+00 -9.7309883148641280e-02 1.2289523097930672e+00
-1.2670517493131592e+00 -9.8673102185271866e-02 1.2324058507957669e+00
-1.2503483136795008e+00 -1.0001097755939774e-01 1.2358329166005255e+00
-1.2336711025362086e+00 -1.0132392670411272e-01 1.2392337789144241e+00
-1.2170197257467166e+00 -1.0261236463092117e-01 1.2426087100389789e+00
-1.2003937954005803e+00 -1.0387670401073522e-01 1.2459579828459815e+00
-1.1837929257751290e+00 -1.0511735526559161e-01 1.2492818707583848e+00
-1.1672167332975323e+00 -1.0633472667123965e-01 1.2525806477361048e+00
-1.1506648365072680e+00 -1.0752922447174482e-01 1.2558545882697727e+00
-1.1341368560189837e+00 -1.0870125300326787e-01 1.2591039673801796e+00
-1.1176324144857457e+00 -1.0985121482920875e-01 1.2623290606236064e+00
-1.1011511365626645e+00 -1.1097951088706544e-01 1.2655301441020141e+00
-1.0846926488708954e+00 -1.1208654064892472e-01 1.2687074944794379e+00
-1.0682565799619950e+00 -1.1317270229562869e-01 1.2718613890060231e+00
-1.0518425602826409e+00 -1.1423839290333683e-01 1.2749921055505706e+00
-1.0354502221396935e+00 -1.1528400864191542e-01 1.2780999226381455e+00
-1.0190791996656023e+00 -1.1630994498905374e-01 1.2811851194926016e+00
-1.0027291287841438e+00 -1.1731659696228115e-01 1.2842479760868590e+00
-9.8639964717648643e-01 -1.1830435936794918e-01 1.2872887732033282e+00
-9.7009039424757637e-01 -1.1927362706584518e-01 1.2903077925063600e+00
-9.5380101109283366e-01 -1.2022479524713627e-01 1.2933053166238635e+00
-9.3753114046515551e-01 -1.2115825972788592e-01 1.2962816292330519e+00
-9.2128042674221933e-01 -1.2207441726460196e-01 1.2992370151490449e+00
-9.0504851589407731e-01 -1.2297366589676070e-01 1.3021717604221414e+00
-8.8883505545103758e-01 -1.2385640531502544e-01 1.3050861524515718e+00
-8.7263969447182521e-01 -1.2472303724906779e-01 1.3079804801197437e+00
-8.5646208351201680e-01 -1.2557396586963027e-01 1.3108550339410239e+00
-8.4030187459274130e-01 -1.2640959820899356e-01 1.3137101062174146e+00
-8.2415872116964262e-01 -1.2723034460887761e-01 1.3165459911991821e+00
-8.0803227810209743e-01 -1.2803661920181414e-01 1.3193629852562578e+00
-7.9192220162268123e-01 -1.2882884042559056e-01 1.3221613870698237e+00
-7.7582814930687816e-01 -1.2960743156436458e-01 1.3249414978490184e+00
-7.5974978004302696e-01 -1.3037282131128330e-01 1.3277036215703268e+00
-7.4368675400249984e-01 -1.3112544435408127e-01 1.3304480652344721e+00
-7.2763873261010570e-01 -1.3186574199063891e-01 1.3331751391458040e+00
-7.1160537851471450e-01 -1.3259416277007913e-01 1.3358851572101240e+00
-6.9558635556009563e-01 -1.3331116316565250e-01 1.3385784372571783e+00
-6.7958132875596577e-01 -1.3401720827508526e-01 1.3412553013910788e+00
-6.6358996424923955e-01 -1.3471277254584557e-01 1.3439160763679410e+00
-6.4761192929548006e-01 -1.3539834052836389e-01 1.3465610940119135e+00
-6.3164689223054049e-01 -1.3607440764645026e-01 1.3491906916763992e+00
-6.1569452244239475e-01 -1.3674148097516758e-01 1.3518052127546187e+00
-5.9975449034315043e-01 -1.3740008001442064e-01 1.3544050072316418e+00
-5.8382646734123822e-01 -1.3805073745750562e-01 1.3569904322687654e+00
-5.6791012581377520e-01 -1.3869399995843773e-01 1.3595618528184492e+00
-5.5200513907909432e-01 -1.3933042889847913e-01 1.3621196422873825e+00
-5.3611118136943614e-01 -1.3996060113206651e-01 1.3646641832712980e+00
-5.2022792780379834e-01 -1.4058510967531579e-01 1.3671958683679619e+00
-5.0435505436093775e-01 -1.4120456430726969e-01 1.3697151010605566e+00
-4.8849223785251966e-01 -1.4181959206097725e-01 1.3722222966484554e+00
-4.7263915589640981e-01 -1.4243083759664479e-01 1.3747178832097713e+00
-4.5679548689010507e-01 -1.4303896344904576e-01 1.3772023026051534e+00
-4.4096090998429699e-01 -1.4364465010886432e-01 1.3796760115352775e+00
-4.2513510505656432e-01 -1.4424859588247574e-01 1.3821394826540925e+00
-4.0931775268518883e-01 -1.4485151647336592e-01 1.3845932057234815e+00
-3.9350853412309161e-01 -1.4545414422561168e-01 1.3870376887591913e+00
-3.7770713127188382e-01 -1.4605722700695628e-01 1.3894734591466298e+00
-3.6191322665602704e-01 -1.4666152668069748e-01 1.3919010647100265e+00
-3.4612650339710038e-01 -1.4726781709347098e-01 1.3943210747123869e+00
-3.3034664518816881e-01 -1.4787688149887643e-01 1.3967340807390454e+00
-3.1457333626824907e-01 -1.4848950935205485e-01 1.3991406973928517e+00
-2.9880626139686317e-01 -1.4910649243778895e-01 1.4015415627392196e+00
-2.8304510582868986e-01 -1.4972862028684750e-01 1.4039373384520606e+00
-2.6728955528829046e-01 -1.5035667483917883e-01 1.4063287096427897e+00
-2.5153929594491820e-01 -1.5099142428846826e-01 1.4087163843541082e+00
-2.3579401438740255e-01 -1.5163361603222697e-01 1.4111010926280838e+00
-2.2005339759910364e-01 -1.5228396875699571e-01 1.4134835850854821e+00
-2.0431713293293358e-01 -1.5294316369886132e-01 1.4158646309173586e+00
-1.8858490808644024e-01 -1.5361183526417269e-01 1.4182450154060591e+00
-1.7285641107694846e-01 -1.5429056101448183e-01 1.4206255369959138e+00
-1.5713133021675590e-01 -1.5497985121098190e-01 1.4230070041521339e+00
-1.4140935408837768e-01 -1.5568013790140955e-01 1.4253902319837004e+00
-1.2569017151983733e-01 -1.5639176386090367e-01 1.4277760387451142e+00
-1.0997347155999830e-01 -1.5711497166597280e-01 1.4301652423058460e+00
-9.4258943453933014e-02 -1.5784989323841009e-01 1.4325586567034345e+00
-7.8546276618324654e-02 -1.5859654030761025e-01 1.4349570891359602e+00
-6.2835160616897937e-02 -1.5935479592025778e-01 1.4373613374960521e+00
-4.7125285135874523e-02 -1.6012440732073152e-01 1.4397721885303083e+00
-3.1416339959448883e-02 -1.6090498056812558e-01 1.4421904167398560e+00
-1.5708014945280794e-02 -1.6169597700433042e-01 1.4446167838122010e+00
0.0000000000000000e+00 -1.6249671198478252e-01 1.4470520386164829e+00
1.5708014945280794e-02 -1.6330635595988810e-01 1.4494969176528969e+00
3.1416339959448883e-02 -1.6412393790918917e-01 1.4519521457637399e+00
4.7125285135874523e-02 -1.6494835112728257e-01 1.4544184369569297e+00
6.2835160616897937e-02 -1.6577836116787978e-01 1.4568964950686953e+00
7.8546276618324654e-02 -1.6661261581207606e-01 1.4593870141284708e+00
9.4258943453933014e-02 -1.6744965674979739e-01 1.4618906782661589e+00
1.0997347155999830e-01 -1.6828793264208289e-01 1.4644081610502433e+00
1.2569017151983733e-01 -1.6912581322304013e-01 1.4669401242173379e+00
1.4140935408837768e-01 -1.6996160408511740e-01 1.4694872158451449e+00
1.5713133021675590e-01 -1.7079356177065291e-01 1.4720500681301929e+00
1.7285641107694846e-01 -1.7161990873494337e-01 1.4746292949225164e+00
1.8858490808644024e-01 -1.7243884779484200e-01 1.4772254891199506e+00
2.0431713293293358e-01 -1.7324857578083538e-01 1.4798392199737391e+00
2.2005339759910364e-01 -1.7404729624861767e-01 1.4824710304123905e+00
2.3579401438740255e-01 -1.7483323113985302e-01 1.4851214345621044e+00
2.5153929594491820e-01 -1.7560463124409023e-01 1.4877909156057045e+00
2.6728955528829046e-01 -1.7635978536074209e-01 1.4904799240669158e+00
2.8304510582868986e-01 -1.7709702812416783e-01 1.4931888765535473e+00
2.9880626139686317e-01 -1.7781474653449492e-01 1.4959181550603122e+00
3.1457333626824907e-01 -1.7851138515094933e-01 1.4986681068703060e+00
3.3034664518816975e-01 -1.7918544989215854e-01 1.5014390448870818e+00
3.4612650339710122e-01 -1.7983551058360933e-01 1.5042312480801008e+00
3.6191322665602788e-01 -1.8046020262658063e-01 1.5070449618580122e+00
3.7770713127188482e-01 -1.8105822813819453e-01 1.5098803984824594e+00
3.9350853412309256e-01 -1.8162835671438393e-01 1.5127377379938953e+00
4.0931775268518966e-01 -1.8216942549110818e-01 1.5156171299340406e+00
4.2513510505656521e-01 -1.8268033806708819e-01 1.5185186954745897e+00
4.4096090998429788e-01 -1.8316006249366046e-01 1.5214425293966098e+00
4.5679548689010591e-01 -1.8360762874376677e-01 1.5243887011732196e+00
4.7263915589641059e-01 -1.8402212665049722e-01 1.5273572555128025e+00
4.8849223785252055e-01 -1.8440270434951320e-01 1.5303482129657628e+00
5.0435505436093864e-01 -1.8474856693092867e-01 1.5333615715438238e+00
5.2022792780379923e-01 -1.8505897424788315e-01 1.5363973091472218e+00
5.3611118136943703e-01 -1.8533323766189913e-01 1.5394553859440145e+00
5.5200513907909521e-01 -1.8557071620670820e-01 1.5425357454005098e+00
5.6791012581377609e-01 -1.8577081360498388e-01 1.5456383139080390e+00
5.8382646734123900e-01 -1.8593297682468818e-01 1.5487630001761372e+00
5.9975449034315131e-01 -1.8605669562352203e-01 1.5519096961947758e+00
6.1569452244239575e-01 -1.8614150124595166e-01 1.5550782801960255e+00
6.3164689223054138e-01 -1.8618696299799706e-01 1.5582686199226734e+00
6.4761192929548095e-01 -1.8619268350312906e-01 1.5614805736723545e+00
6.6358996424924044e-01 -1.8615829516115442e-01 1.5647139882617935e+00
6.7958132875596655e-01 -1.8608345981075033e-01 1.5679686961927120e+00
6.9558635556009651e-01 -1.8596787061125900e-01 1.5712445154973005e+00
7.1160537851471528e-01 -1.8581125274718227e-01 1.5745412534119569e+00
7.2763873261010648e-01 -1.8561336043846499e-01 1.5778587111482327e+00
7.4368675400250073e-01 -1.8537397141712394e-01 1.5811966856639774e+00
7.5974978004302796e-01 -1.8509288279778627e-01 1.5845549672199697e+00
7.7582814930687904e-01 -1.8476991099099910e-01 1.5879333356592693e+00
7.9192220162268223e-01 -1.8440489425652468e-01 1.5913315592341095e+00
8.0803227810209821e-01 -1.8399769421290330e-01 1.5947493967302799e+00
8.2415872116964339e-01 -1.8354819443739878e-01 1.5981866004378946e+00
8.4030187459274208e-01 -1.8305629760404044e-01 1.6016429177056155e+00
8.5646208351201780e-01 -1.8252192341275963e-01 1.6051180914027137e+00
8.7263969447182621e-01 -1.8194500739263397e-01 1.6086118605540896e+00
8.8883505545103836e-01 -1.8132549922527524e-01 1.6121239605324642e+00
9.0504851589407809e-01 -1.8066336088122689e-01 1.6156541208308393e+00
9.2128042674222022e-01 -1.7995856712741506e-01 1.6192020608551709e+00
9.3753114046515640e-01 -1.7921110955206884e-01 1.6227674880787664e+00
9.5380101109283455e-01 -1.7842100062140842e-01 1.6263501025986122e+00
9.7009039424757748e-01 -1.7758827215309966e-01 1.6299496060319041e+00
9.8639964717648743e-01 -1.7671296709042861e-01 1.6335657067642346e+00
1.0027291287841447e+00 -1.7579513095489485e-01 1.6371981152940536e+00
1.0190791996656032e+00 -1.7483481142481139e-01 1.6408465326226782e+00
1.0354502221396944e+00 -1.7383206752884436e-01 1.6445106422974360e+00
1.0518425602826418e+00 -1.7278698028456269e-01 1.6481901142770581e+00
1.0682565799619959e+00 -1.7169965437830814e-01 1.6518846178329660e+00
1.0846926488708963e+00 -1.7057020864033035e-01 1.6555938319753079e+00
1.1011511365626656e+00 -1.6939876372424217e-01 1.6593174441929739e+00
1.1176324144857466e+00 -1.6818543792691018e-01 1.6630551392531798e+00
1.1341368560189848e+00 -1.6693035421341798e-01 1.6668065885795311e+00
1.1506648365072689e+00 -1.6563365134077712e-01 1.6705714493550727e+00
1.1672167332975332e+00 -1.6429548910071815e-01 1.6743493733713568e+00
1.1837929257751298e+00 -1.6291604370092691e-01 1.6781400176989023e+00
1.2003937954005814e+00 -1.6149549763589841e-01 1.6819430485531788e+00
1.2170197257467177e+00 -1.6003403220332266e-01 1.6857581352787308e+00
1.2336711025362075e+00 -1.5853182860964152e-01 1.6895849387007591e+00
1.2503483136794999e+00 -1.5698907766414677e-01 1.6934231032408356e+00
1.2670517493131583e+00 -1.5540599117507098e-01 1.6972722616069831e+00
1.2837818018386331e+00 -1.5378280425130819e-01 1.7011320518904318e+00
1.3005388659614525e+00 -1.5211976239444233e-01 1.7050021334436685e+00
1.3173233387308501e+00 -1.5041710136034239e-01 1.7088821831694923e+00
1.3341356195798397e+00 -1.4867503986403174e-01 1.7127718689535572e+00
1.3509761103657443e+00 -1.4689379848784836e-01 1.7166708229151477e+00
1.3678452154111855e+00 -1.4507363180558627e-01 1.7205786456189878e+00
1.3847433415455508e+00 -1.4321484020384048e-01 1.7244949456700938e+00
1.4016708981469366e+00 -1.4131774167887215e-01 1.7284193785694923e+00
1.4186282971845907e+00 -1.3938262607071777e-01 1.7323516405846680e+00
1.4356159532618471e+00 -1.3740974030367048e-01 1.7362914161695406e+00
1.4526342836595818e+00 -1.3539932698840768e-01 1.7402383308200429e+00
1.4696837083801819e+00 -1.3335168071473158e-01 1.7441919631882896e+00
1.4867646501920535e+00 -1.3126716048083406e-01 1.7481519097837619e+00
1.5038775346746667e+00 -1.2914613910527559e-01 1.7521178349027537e+00
1.5210227902641573e+00 -1.2698894052911733e-01 1.7560894484898746e+00
1.5382008482994911e+00 -1.2479583477407902e-01 1.7600664314154209e+00
1.5554121430692023e+00 -1.2256710068939712e-01 1.7640483888775877e+00
1.5726571118587214e+00 -1.2030309031396726e-01 1.7680348869774920e+00
1.5899361949982971e+00 -1.1800422178379261e-01 1.7720255378160339e+00
1.6072498359115306e+00 -1.1567090279455029e-01 1.7760200413154674e+00
1.6245984811645311e+00 -1.1330346451805365e-01 1.7800181327091626e+00
1.6419825805157027e+00 -1.1090218061486035e-01 1.7840194840550949e+00
1.6594025869661801e+00 -1.0846735925526045e-01 1.7880236625786567e+00
1.6768589568109209e+00 -1.0599941647286976e-01 1.7920301986631744e+00
1.6943521496904719e+00 -1.0349884976436555e-01 1.7960387075433912e+00
1.7118826286434150e+00 -1.0096612505509962e-01 1.8000489461772387e+00
1.7294508601595171e+00 -9.8401579910033274e-02 1.8040607347019071e+00
1.7470573142335879e+00 -9.5805444901639350e-02 1.8080737955707495e+00
1.7647024644200622e+00 -9.3177985232187149e-02 1.8120876564753208e+00
1.7823867878883237e+00 -9.0519645255996081e-02 1.8161017320296449e+00
1.8001107654787827e+00 -8.7831048285298613e-02 1.8201155458307205e+00
1.8178748817597212e+00 -8.5112814081184623e-02 1.8241288986060782e+00
1.8356796250849208e+00 -8.2365336530899433e-02 1.8281417903772721e+00
1.8535254876520912e+00 -7.9588747546394570e-02 1.8321541144284059e+00
1.8714129655621119e+00 -7.6783156057212976e-02 1.8361653955659216e+00
1.8893425588791044e+00 -7.3948971587089379e-02 1.8401748704256060e+00
1.9073147716913499e+00 -7.1086974353259016e-02 1.8441819005246165e+00
1.9253301121730706e+00 -6.8197993852919456e-02 1.8481863279109607e+00
1.9433890926470920e+00 -6.5282474602474855e-02 1.8521883588329704e+00
1.9614922296483983e+00 -6.2340404033692821e-02 1.8561880189297808e+00
1.9796400439886062e+00 -5.9371756398705927e-02 1.8601847357315224e+00
1.9978330608213690e+00 -5.6377026100320950e-02 1.8641775631219628e+00
2.0160718097087309e+00 -5.3357230931126265e-02 1.8681658912846038e+00
2.0343568246884525e+00 -5.0313285822025502e-02 1.8721498680919915e+00
2.0526886443423216e+00 -4.7245396095651149e-02 1.8761299636368542e+00
2.0710678118654751e+00 -4.4153219717649919e-02 1.8801060529748714e+00
2.0894948751367437e+00 -4.1036745002526874e-02 1.8840770569329000e+00
2.1079703867900488e+00 -3.7896938667654444e-02 1.8880416957503705e+00
2.1264949042868659e+00 -3.4735321197607534e-02 1.8919996560732160e+00
2.1450689899897757e+00 -3.1552778241263651e-02 1.8959518396893764e+00
2.1636932112371294e+00 -2.8348896697279156e-02 1.8998992232703633e+00
2.1823681404188440e+00 -2.5122708730748421e-02 1.9038414205390060e+00
2.2010943550533533e+00 -2.1874208695799830e-02 1.9077765550638590e+00
2.2198724378657388e+00 -1.8605017684197245e-02 1.9117027773703503e+00
2.2387029768670610e+00 -1.5317333235175682e-02 1.9156199511646315e+00
2.2575865654349165e+00 -1.2012131672101758e-02 1.9195296941822528e+00
2.2765238023952437e+00 -8.6885046854740852e-03 1.9234335948761159e+00
2.2955152921054069e+00 -5.3449154032714670e-03 1.9273313591907544e+00
2.3145616445385766e+00 -1.9811523959940773e-03 1.9312207821611680e+00
2.3336634753694390e+00 1.4010029073670647e-03 1.9350995937590167e+00
2.3528214060612580e+00 4.7990633660227140e-03 1.9389673404906285e+00
2.3720360639543165e+00 8.2117602613438687e-03 1.9428254936548122e+00
2.3913080823557702e+00 1.1639720630843684e-02 1.9466758010565033e+00
2.4106381006309268e+00 1.5084363863925778e-02 1.9505185564348040e+00
2.4300267642960067e+00 1.8546225152825814e-02 1.9543523337404562e+00
2.4494747251123852e+00 2.2024276522129047e-02 1.9581751833285774e+00
2.4689826411823672e+00 2.5516650420939844e-02 1.9619860218093312e+00
2.4885511770465167e+00 2.9021868328661594e-02 1.9657850800168024e+00
2.5081810037825729e+00 3.2539486173363490e-02 1.9695733334276000e+00
2.5278727991059946e+00 3.6069864218216244e-02 1.9733516147001655e+00
2.5476272474721444e+00 3.9613519834245485e-02 1.9771200457088467e+00
2.5674450401801767e+00 4.3170591365156559e-02 1.9808779560728582e+00
2.5873268754786354e+00 4.6740601830157893e-02 1.9846241751209204e+00
2.6072734586728199e+00 5.0322502590382484e-02 1.9883575581614172e+00
2.6272855022339323e+00 5.3914985337701317e-02 1.9920775580513461e+00
2.6473637259100737e+00 5.7516998883669457e-02 1.9957845255487321e+00
2.6675088568390928e+00 6.1128209235763682e-02 1.9994794607738644e+00
2.6877216296633528e+00 6.4749050041780568e-02 2.0031632682252143e+00
2.7080027866464453e+00 6.8380230323407509e-02 2.0068359629162025e+00
2.7283530777918852e+00 7.2021961132245516e-02 2.0104963992598970e+00
2.7487732609638504e+00 7.5673420223985155e-02 2.0141428211398740e+00
2.7692641020099784e+00 7.9332902067613578e-02 2.0177739895423605e+00
2.7898263748862902e+00 8.2998696727468763e-02 2.0213901281153333e+00
2.8104608617842692e+00 8.6670168394852726e-02 2.0249928456128021e+00
2.8311683532601539e+00 9.0348150476191380e-02 2.0285838424612694e+00
2.8519496483664746e+00 9.4034112390359373e-02 2.0321632992411365e+00
2.8728055547859026e+00 9.7728586990889307e-02 2.0357294035387290e+00
2.8937368889674375e+00 1.0143023020732844e-01 2.0392796747423456e+00
2.9147444762650059e+00 1.0513655127408102e-01 2.0428130531244677e+00
2.9358291510785053e+00 1.0884581487059901e-01 2.0463307881516366e+00
2.9569917569973558e+00 1.1255833263898332e-01 2.0498351702907542e+00
2.9782331469466135e+00 1.1627581873477714e-01 2.0533272739383772e+00
2.9995541833356869e+00 1.1999940078703748e-01 2.0568059193552011e+00
3.0209557382097350e+00 1.2372827100324428e-01 2.0602688339980393e+00
3.0424386934037884e+00 1.2746029038994738e-01 2.0637147553876050e+00
3.0640039406996604e+00 1.3119382194461701e-01 2.0671443468280644e+00
3.0856523819857022e+00 1.3492886983845070e-01 2.0705591586856453e+00
3.1073849294194726e+00 1.3866647368140667e-01 2.0739599030679883e+00
3.1292025055933843e+00 1.4240718776390299e-01 2.0773458492726093e+00
3.1511060437033827e+00 1.4615030675500931e-01 2.0807157781576762e+00
3.1730964877207413e+00 1.4989452249280413e-01 2.0840692740816413e+00
3.1951747925670255e+00 1.5363912322172782e-01 2.0874069293794637e+00
3.2173419242923051e+00 1.5738437133698924e-01 2.0907293493018138e+00
3.2395988602566890e+00 1.6113070008416838e-01 2.0940361781735941e+00
3.2619465893152451e+00 1.6487769373045522e-01 2.0973263233027319e+00
3.2843861120063975e+00 1.6862406533640092e-01 2.1005992088536480e+00
3.3069184407438632e+00 1.7236876896507253e-01 2.1038556576301461e+00
3.3295446000122175e+00 1.7611207390843070e-01 2.1070972263605379e+00
3.3522656265661683e+00 1.7985528504646422e-01 2.1103244324502222e+00
3.3750825696336233e+00 1.8359913005121539e-01 2.1135357150525400e+00
3.3979964911226332e+00 1.8734239856705429e-01 2.1167285367686577e+00
3.4210084658323039e+00 1.9108247489621391e-01 2.1199018853537313e+00
3.4441195816677608e+00 1.9481758991987808e-01 2.1230576810132273e+00
3.4673309398592735e+00 1.9854863660486513e-01 2.1261992999906871e+00
3.4906436551856190e+00 2.0227846301659866e-01 2.1293282520891093e+00
3.5140588562017880e+00 2.0600895225545429e-01 2.1324422322586671e+00
3.5375776854711387e+00 2.0973863919505861e-01 2.1355368272531146e+00
3.5612012998020988e+00 2.1346345668696093e-01 2.1386096568909294e+00
3.5849308704895160e+00 2.1718027918423533e-01 2.1416630185287220e+00
3.6087675835607804e+00 2.2088997425337767e-01 2.1447021129115744e+00
3.6327126400268064e+00 2.2459675268175502e-01 2.1477300949344174e+00
3.6567672561380142e+00 2.2830402040240713e-01 2.1507446302783708e+00
3.6809326636454145e+00 2.3201058790148049e-01 2.1537396857305442e+00
3.7052101100669188e+00 2.3571121470529444e-01 2.1567113040161416e+00
3.7296008589589960e+00 2.3940141204465915e-01 2.1596617841511070e+00
3.7541061901938226e+00 2.4308190368515414e-01 2.1625977342659399e+00
3.7787274002420181e+00 2.4675799017460925e-01 2.1655235071505063e+00
3.8034658024611478e+00 2.5043406387715317e-01 2.1684366068789642e+00
3.8283227273900904e+00 2.5410879487034349e-01 2.1713300507102029e+00
3.8532995230494382e+00 2.5777618086563825e-01 2.1741994899799071e+00
3.8783975552480650e+00 2.6143155711092575e-01 2.1770476684016602e+00
3.9036182078960091e+00 2.6507622616116538e-01 2.1798814676877161e+00
3.9289628833238388e+00 2.6871575315069907e-01 2.1827047177728303e+00
3.9544330026086389e+00 2.7235384865362405e-01 2.1855144479370159e+00
3.9800300059067970e+00 2.7598848730059394e-01 2.1883043562684379e+00
4.0057553527937557e+00 2.7961423958100012e-01 2.1910714407687482e+00
4.0316105226108876e+00 2.8322792328698460e-01 2.1938186838617888e+00
4.0575970148196943e+00 2.8683139356864779e-01 2.1965514166310487e+00
4.0837163493634856e+00 2.9042890313051395e-01 2.1992717740936412e+00
4.1099700670367483e+00 2.9402240767428556e-01 2.2019770658640971e+00
4.1363597298623764e+00 2.9760984376366467e-01 2.2046631177159450e+00
4.1628869214769866e+00 3.0118762649006603e-01 2.2073285233896609e+00
4.1895532475244881e+00 3.0475419941807674e-01 2.2099755429972028e+00
4.2163603360581519e+00 3.0831102532719745e-01 2.2126073851701045e+00
4.2433098379513687e+00 3.1186056330973094e-01 2.2152250701452467e+00
4.2704034273173317e+00 3.1540368510499395e-01 2.2178268425030128e+00
4.2976428019378705e+00 3.1893899369721168e-01 2.2204102343818342e+00
4.3250296837016586e+00 3.2246432935359592e-01 2.2229744955555706e+00
4.3525658190520531e+00 3.2597877434360001e-01 2.2255211287820988e+00
4.3802529794448146e+00 3.2948327351187978e-01 2.2280522467439572e+00
4.4080929618159450e+00 3.3297943159080884e-01 2.2305684909424670e+00
4.4360875890599321e+00 3.3646776919223081e-01 2.2330685528893559e+00
4.4642387105186527e+00 3.3994718068819008e-01 2.2355506711349022e+00
4.4925482024812267e+00 3.4341607312704453e-01 2.2380144743111847e+00
4.5210179686951033e+00 3.4687391807666557e-01 2.2404612672084223e+00
4.5496499408886866e+00 3.5032158139157532e-01 2.2428925939972739e+00
4.5784460793057891e+00 3.5376020180539913e-01 2.2453087147957680e+00
4.6074083732522482e+00 3.5718993362397600e-01 2.2477085427351051e+00
4.6365388416550157e+00 3.6060983959304771e-01 2.2500909041276804e+00
4.6658395336340650e+00 3.6401885616862256e-01 2.2524557058706054e+00
4.6953125290874613e+00 3.6741672818995647e-01 2.2548039374450757e+00
4.7249599392899322e+00 3.7080407180545366e-01 2.2571366887080888e+00
4.7547839075053409e+00 3.7418165952952359e-01 2.2594541704102920e+00
4.7847866096134055e+00 3.7754962598287395e-01 2.2617555848429070e+00
4.8149702547510760e+00 3.8090727011431036e-01 2.2640399520383117e+00
4.8453370859689660e+00 3.8425365819097829e-01 2.2663071666172270e+00
4.8758893809032458e+00 3.8758853129574061e-01 2.2685582273779064e+00
4.9066294524634415e+00 3.9091258663965212e-01 2.2707942634293947e+00
4.9375596495365706e+00 3.9422669281875278e-01 2.2730153005596931e+00
4.9686823577080723e+00 3.9753080596282891e-01 2.2752202111998390e+00
4.9999999999999991e+00 4.0082388663425511e-01 2.2774080567044548e+00
5.0315150376269706e+00 4.0410504294045607e-01 2.2795792996696371e+00
5.0632299707703678e+00 4.0737456995345661e-01 2.2817353653945727e+00
5.0951473393713069e+00 4.1063356458708844e-01 2.2838770069399836e+00
5.1272697239429199e+00 4.1388254134605124e-01 2.2860034647782399e+00
5.1595997464024776e+00 4.1712076438595930e-01 2.2881134685344287e+00
5.1921400709239576e+00 4.2034712312370959e-01 2.2902068363152863e+00
5.2248934048116125e+00 4.2356143350616199e-01 2.2922847099037700e+00
5.2578624993951770e+00 4.2676455749953074e-01 2.2943482071517516e+00
5.2910501509473118e+00 4.2995727237408987e-01 2.2963972032893394e+00
5.3244592016239594e+00 4.3313934531213344e-01 2.2984306700871309e+00
5.3580925404282684e+00 4.3630988860289294e-01 2.3004480200369350e+00
5.3919531041987847e+00 4.3946842979134038e-01 2.3024497808792539e+00
5.4260438786226270e+00 4.4261535882396247e-01 2.3044369146617791e+00
5.4603678992743854e+00 4.4575132932466011e-01 2.3064097571326116e+00
5.4949282526815075e+00 4.4887646855636393e-01 2.3083678373489347e+00
5.5297280774169808e+00 4.5199032628278651e-01 2.3103106223684207e+00
5.5647705652200994e+00 4.5509247743856801e-01 2.3122381775251091e+00
5.6000589621462051e+00 4.5818296654859009e-01 2.3141510285809539e+00
5.6355965697462356e+00 4.6126213324908483e-01 2.3160495589670371e+00
5.6713867462770287e+00 4.6433016209022476e-01 2.3179337178142250e+00
5.7074329079432937e+00 4.6738692766789225e-01 2.3198032766606453e+00
5.7437385301722452e+00 4.7043222511384525e-01 2.3216581985683891e+00
5.7803071489218718e+00 4.7346601556257051e-01 2.3234986812773313e+00
5.8171423620239269e+00 4.7648840786645796e-01 2.3253249334567219e+00
5.8542478305626968e+00 4.7949948602663373e-01 2.3271370255526684e+00
5.8916272802906544e+00 4.8249923445206183e-01 2.3289349557458716e+00
5.9292845030821866e+00 4.8548761206017910e-01 2.3307187706460328e+00
5.9672233584265646e+00 4.8846462881211727e-01 2.3324885723511399e+00
6.0054477749614277e+00 4.9143032606762727e-01 2.3342444461079461e+00
6.0439617520480473e+00 4.9438471955615571e-01 2.3359864363402405e+00
6.0827693613897225e+00 4.9732779678089228e-01 2.3377145957653567e+00
6.1218747486946921e+00 5.0025956232459134e-01 2.3394290223456653e+00
6.1612821353849778e+00 5.0318005891673689e-01 2.3411298293547702e+00
6.2009958203526807e+00 5.0608933687653967e-01 2.3428170931921022e+00
6.2410201817652480e+00 5.0898741663525493e-01 2.3444908489182334e+00
6.2813596789213344e+00 5.1187429204801416e-01 2.3461511364209606e+00
6.3220188541588982e+00 5.1474996660867023e-01 2.3477980384144597e+00
6.3630023348172751e+00 5.1761447706531649e-01 2.3494316669975923e+00
6.4043148352550130e+00 5.2046787887227852e-01 2.3510521188458826e+00
6.4459611589253338e+00 5.2331021401623257e-01 2.3526594524712880e+00
6.4879462005111410e+00 5.2614149934611532e-01 2.3542537104685319e+00
6.5302749481215825e+00 5.2896174605708746e-01 2.3558349562785841e+00
6.5729524855522534e+00 5.3177098402592848e-01 2.3574032821067674e+00
6.6159839946112040e+00 5.3456926237732882e-01 2.3589587835701926e+00
6.6593747575129889e+00 5.3735662966828202e-01 2.3605015358683943e+00
6.7031301593431056e+00 5.4013312069049546e-01 2.3620315983244358e+00
6.7472556905952352e+00 5.4289876377445012e-01 2.3635490352910717e+00
6.7917569497838208e+00 5.4565359463337326e-01 2.3650539249013889e+00
6.8366396461346080e+00 5.4839765837104115e-01 2.3665463494075656e+00
6.8819096023558686e+00 5.5113100124811731e-01 2.3680263850382675e+00
6.9275727574931416e+00 5.5385366624999843e-01 2.3694941036193375e+00
6.9736351698704615e+00 5.5656569652332333e-01 2.3709495783369183e+00
7.0201030201211347e+00 5.5926713823226515e-01 2.3723928834536214e+00
7.0669826143112635e+00 5.6195803824502644e-01 2.3738240912327435e+00
7.1142803871593543e+00 5.6463844228272764e-01 2.3752432736740974e+00
7.1620029053554628e+00 5.6730839776309250e-01 2.3766505064570858e+00
7.2101568709835000e+00 5.6996795651487542e-01 2.3780458673877924e+00
7.2587491250504623e+00 5.7261717224581565e-01 2.3794294307086639e+00
7.3077866511264880e+00 5.7525609638331199e-01 2.3808012660201383e+00
7.3572765790998478e+00 5.7788477871477018e-01 2.3821614436646525e+00
7.4072261890510873e+00 5.8050327169542659e-01 2.3835100385604466e+00
7.4576429152508137e+00 5.8311163189419646e-01 2.3848471272305320e+00
7.5085343502857054e+00 5.8570991692431817e-01 2.3861727830253869e+00
7.5599082493175960e+00 5.8829818285716418e-01 2.3874870763029685e+00
7.6117725344806590e+00 5.9087648551813676e-01 2.3887900782519225e+00
7.6641352994219538e+00 5.9344488295780318e-01 2.3900818623523077e+00
7.7170048139908136e+00 5.9600343541716894e-01 2.3913625021302329e+00
7.7703895290827942e+00 5.9855220351161864e-01 2.3926320692765937e+00
7.8242980816441809e+00 6.0109124763025590e-01 2.3938906345975397e+00
7.8787392998432555e+00 6.0362062901940949e-01 2.3951382696557628e+00
7.9337222084149230e+00 6.0614041053157641e-01 2.3963750465893012e+00
7.9892560341853978e+00 6.0865065606003632e-01 2.3976010368395895e+00
8.0453502117842088e+00 6.1115142979430870e-01 2.3988163108522351e+00
8.1020143895508507e+00 6.1364279636172170e-01 2.4000209389125327e+00
8.1592584356439506e+00 6.1612482140654501e-01 2.4012149916842680e+00
8.2170924443610627e+00 6.1859757170470420e-01 2.4023985398136283e+00
8.2755267426776022e+00 6.2106111479433135e-01 2.4035716533610252e+00
8.3345718970138751e+00 6.2351551872436495e-01 2.4047344018089722e+00
8.3942387202395068e+00 6.2596085217620612e-01 2.4058868544439385e+00
8.4545382789250585e+00 6.2839718467315597e-01 2.4070290805317707e+00
8.5154819008510856e+00 6.3082458659689322e-01 2.4081611491562764e+00
8.5770811827853137e+00 6.3324312906018587e-01 2.4092831290255301e+00
8.6393479985392414e+00 6.3565288382996887e-01 2.4103950884663852e+00
8.7022945073159068e+00 6.3805392335779609e-01 2.4114970955276980e+00
8.7659331623611809e+00 6.4044632083075581e-01 2.4125892180266821e+00
8.8302767199315220e+00 6.4283015017201539e-01 2.4136715235089947e+00
8.8953382485918411e+00 6.4520548600947791e-01 2.4147440792059309e+00
8.9611311388576880e+00 6.4757240366312963e-01 2.4158069520368537e+00
9.0276691131967421e+00 6.4993097915540698e-01 2.4168602086251774e+00
9.0949662364053303e+00 6.5228128921687734e-01 2.4179039152898270e+00
9.1630369263764919e+00 6.5462341127524348e-01 2.4189381380250321e+00
9.2318959652769319e+00 6.5695742344695052e-01 2.4199629424979747e+00
9.3015585111510717e+00 6.5928340454273326e-01 2.4209783940628684e+00
9.3720401099714223e+00 6.6160143407932770e-01 2.4219845577654886e+00
9.4433567081553349e+00 6.6391159228166863e-01 2.4229814983274425e+00
9.5155246655694476e+00 6.6621396007571154e-01 2.4239692801267636e+00
9.5885607690440526e+00 6.6850861908437409e-01 2.4249479671937251e+00
9.6624822464209075e+00 6.7079565163335253e-01 2.4259176232207214e+00
9.7373067811592033e+00 6.7307514076294295e-01 2.4268783115690913e+00
9.8130525275257519e+00 6.7534717023608326e-01 2.4278300952617764e+00
9.8897381263968196e+00 6.7761182453970858e-01 2.4287730369683702e+00
9.9673827217005613e+00 6.7986918888520953e-01 2.4297071989966579e+00
1.0046005977530550e+01 6.8211934921480588e-01 2.4306326432952829e+00
1.0125628095962547e+01 6.8436239221381712e-01 2.4315494314587713e+00
1.0206269835608513e+01 6.8659840532247329e-01 2.4324576247243850e+00
1.0287952530943684e+01 6.8882747674367228e-01 2.4333572839623550e+00
1.0370698112444520e+01 6.9104969545005213e-01 2.4342484696685136e+00
1.0454529127577546e+01 6.9326515119449128e-01 2.4351312419634494e+00
1.0539468762681290e+01 6.9547393452455375e-01 2.4360056605934215e+00
1.0625540865786014e+01 6.9767613679710283e-01 2.4368717849272836e+00
1.0712769970418417e+01 6.9987185019185738e-01 2.4377296739504608e+00
1.0801181320441309e+01 7.0206116772537497e-01 2.4385793862596992e+00
1.0890800895981148e+01 7.0424418326713512e-01 2.4394209800602029e+00
1.0981655440499347e+01 7.0642099155769089e-01 2.4402545131637559e+00
1.1073772489066805e+01 7.0859168822809815e-01 2.4410800429853712e+00
1.1167180397904366e+01 7.1075636981955714e-01 2.4418976265385544e+00
1.1261908375255947e+01 7.1291513380425020e-01 2.4427073204310132e+00
1.1357986513664933e+01 7.1506807860798860e-01 2.4435091808608491e+00
1.1455445823728876e+01 7.1721530363425345e-01 2.4443032636128810e+00
1.1554318269412054e+01 7.1935690928993790e-01 2.4450896240547162e+00
1.1654636805000454e+01 7.2149299701230551e-01 2.4458683171325570e+00
1.1756435413789015e+01 7.2362366929790867e-01 2.4466393973668286e+00
1.1859749148596537e+01 7.2574902973291910e-01 2.4474029188473496e+00
1.1964614174209885e+01 7.2786918302520931e-01 2.4481589352285869e+00
1.2071067811865476e+01 7.2998423503845267e-01 2.4489074997250651e+00
1.2179148585883055e+01 7.3209429282847249e-01 2.4496486651064515e+00
1.2288896272574291e+01 7.3419946468136521e-01 2.4503824836925419e+00
1.2400351951556647e+01 7.3629986015415971e-01 2.4511090073476458e+00
1.2513558059611725e+01 7.3839559011725631e-01 2.4518282874749819e+00
1.2628558447236520e+01 7.4048676679995951e-01 2.4525403750109103e+00
1.2745398438045964e+01 7.4257350383823573e-01 2.4532453204186524e+00
1.2864124891195859e+01 7.4465591632525496e-01 2.4539431736820836e+00
1.2984786267007030e+01 7.4673412086511992e-01 2.4546339842991105e+00
1.3107432695983759e+01 7.4880823562943244e-01 2.4553178012746075e+00
1.3232116051433158e+01 7.5087838041717447e-01 2.4559946731131461e+00
1.3358890025906604e+01 7.5294467671826215e-01 2.4566646478114222e+00
1.3487810211699946e+01 7.5500724778056771e-01 2.4573277728501917e+00
1.3618934185666234e+01 7.5706621868103896e-01 2.4579840951857466e+00
1.3752321598612845e+01 7.5912171640089321e-01 2.4586336612411417e+00
1.3888034269574872e+01 7.6117386990543801e-01 2.4592765168967157e+00
1.4026136285277705e+01 7.6322281022833027e-01 2.4599127074801990e+00
1.4166694105125419e+01 7.6526867056119052e-01 2.4605422777565344e+00
1.4309776672076255e+01 7.6731158634861918e-01 2.4611652719168982e+00
1.4455455529794065e+01 7.6935169538879922e-01 2.4617817335670757e+00
1.4603804946494083e+01 7.7138913794035902e-01 2.4623917057154063e+00
1.4754902045933637e+01 7.7342405683597648e-01 2.4629952307598928e+00
1.4908826946033331e+01 7.7545659760284646e-01 2.4635923504745865e+00
1.5065662905652395e+01 7.7748690859081959e-01 2.4641831059951893e+00
1.5225496480083336e+01 7.7951514110867326e-01 2.4647675378039291e+00
1.5388417685876263e+01 7.8154144956915128e-01 2.4653456857134066e+00
1.5554520175652449e+01 7.8356599164324459e-01 2.4659175888495888e+00
1.5723901423620820e+01 7.8558892842472372e-01 2.4664832856337435e+00
1.5896662922569645e+01 7.8761042460529818e-01 2.4670428137633440e+00
1.6072910393170122e+01 7.8963064866168975e-01 2.4675962101919184e+00
1.6252754006499185e+01 7.9164977305520035e-01 2.4681435111074643e+00
1.6436308620765786e+01 7.9366797444464587e-01 2.4686847519096884e+00
1.6623694033309864e+01 7.9568543391435220e-01 2.4692199671858592e+00
1.6815035249035951e+01 7.9770233721759942e-01 2.4697491906851399e+00
1.7010462766545764e+01 7.9971887503733519e-01 2.4702724552914788e+00
1.7210112883346092e+01 8.0173524326558410e-01 2.4707897929947480e+00
1.7414128021632642e+01 8.0375164330260396e-01 2.4713012348601167e+00
1.7622657076286288e+01 8.0576828237804954e-01 2.4718068109955813e+00
1.7835855786869061e+01 8.0778537389558625e-01 2.4723065505175232e+00
1.8053887135573298e+01 8.0980313780332080e-01 2.4728004815141640e+00
1.8276921773261307e+01 8.1182180099181378e-01 2.4732886310067355e+00
1.8505138475936377e+01 8.1384159772256448e-01 2.4737710249084586e+00
1.8738724634211660e+01 8.1586277008949359e-01 2.4742476879810731e+00
1.8977876778593902e+01 8.1788556851628214e-01 2.4747186437886666e+00
1.9222801143676836e+01 8.1991025229268644e-01 2.4751839146489831e+00
1.9473714274649300e+01 8.2193709015393868e-01 2.4756435215820023e+00
1.9730843679867029e+01 8.2396636090645836e-01 2.4760974842555417e+00
1.9994428533622361e+01 8.2599835410465372e-01 2.4765458209280409e+00
